-5.0000    10.1386
-4.9497    10.1347
-4.8995    10.2473
-4.8492    10.4367
-4.7990    10.6541
-4.7487    10.8580
-4.6985    11.0210
-4.6482    11.1305
-4.5980    11.1839
-4.5477    11.1830
-4.4975    11.1305
-4.4472    11.0275
-4.3970    10.8726
-4.3467    10.6632
-4.2965    10.3976
-4.2462    10.0793
-4.1960    9.7220
-4.1457    9.3547
-4.0955    9.0202
-4.0452    8.7670
-3.9950    8.6332
-3.9447    8.6314
-3.8945    8.7430
-3.8442    8.9265
-3.7940    9.1334
-3.7437    9.3231
-3.6935    9.4700
-3.6432    9.5628
-3.5930    9.5994
-3.5427    9.5819
-3.4925    9.5130
-3.4422    9.3934
-3.3920    9.2216
-3.3417    8.9950
-3.2915    8.7121
-3.2412    8.3772
-3.1910    8.0055
-3.1407    7.6273
-3.0905    7.2868
-3.0402    7.0319
-2.9899    6.8991
-2.9397    6.8976
-2.8894    7.0062
-2.8392    7.1816
-2.7889    7.3758
-2.7387    7.5494
-2.6884    7.6785
-2.6382    7.7528
-2.5879    7.7708
-2.5377    7.7351
-2.4874    7.6480
-2.4372    7.5100
-2.3869    7.3196
-2.3367    7.0739
-2.2864    6.7720
-2.2362    6.4189
-2.1859    6.0312
-2.1357    5.6408
-2.0854    5.2928
-2.0352    5.0349
-1.9849    4.9012
-1.9347    4.8979
-1.8844    5.0010
-1.8342    5.1660
-1.7839    5.3452
-1.7337    5.5006
-1.6834    5.6097
-1.6332    5.6635
-1.5829    5.6611
-1.5327    5.6051
-1.4824    5.4978
-1.4322    5.3394
-1.3819    5.1282
-1.3317    4.8615
-1.2814    4.5384
-1.2312    4.1652
-1.1809    3.7597
-1.1307    3.3555
-1.0804    2.9984
-1.0302    2.7356
-0.9799    2.5989
-0.9296    2.5915
-0.8794    2.6864
-0.8291    2.8383
-0.7789    2.9998
-0.7286    3.1345
-0.6784    3.2214
-0.6281    3.2524
-0.5779    3.2273
-0.5276    3.1488
-0.4774    3.0189
-0.4271    2.8378
-0.3769    2.6035
-0.3266    2.3132
-0.2764    1.9668
-0.2261    1.5711
-0.1759    1.1458
-0.1256    0.7258
-0.0754    0.3576
-0.0251    0.0878
0.0251    0.0878
0.0754    0.3576
0.1256    0.7258
0.1759    1.1458
0.2261    1.5711
0.2764    1.9668
0.3266    2.3132
0.3769    2.6035
0.4271    2.8378
0.4774    3.0189
0.5276    3.1488
0.5779    3.2273
0.6281    3.2524
0.6784    3.2214
0.7286    3.1345
0.7789    2.9998
0.8291    2.8383
0.8794    2.6864
0.9296    2.5915
0.9799    2.5989
1.0302    2.7356
1.0804    2.9984
1.1307    3.3555
1.1809    3.7597
1.2312    4.1652
1.2814    4.5384
1.3317    4.8615
1.3819    5.1282
1.4322    5.3394
1.4824    5.4978
1.5327    5.6051
1.5829    5.6611
1.6332    5.6635
1.6834    5.6097
1.7337    5.5006
1.7839    5.3452
1.8342    5.1660
1.8844    5.0010
1.9347    4.8979
1.9849    4.9012
2.0352    5.0349
2.0854    5.2928
2.1357    5.6408
2.1859    6.0312
2.2362    6.4189
2.2864    6.7720
2.3367    7.0739
2.3869    7.3196
2.4372    7.5100
2.4874    7.6480
2.5377    7.7351
2.5879    7.7708
2.6382    7.7528
2.6884    7.6785
2.7387    7.5494
2.7889    7.3758
2.8392    7.1816
2.8894    7.0062
2.9397    6.8976
2.9899    6.8991
3.0402    7.0319
3.0905    7.2868
3.1407    7.6273
3.1910    8.0055
3.2412    8.3772
3.2915    8.7121
3.3417    8.9950
3.3920    9.2216
3.4422    9.3934
3.4925    9.5130
3.5427    9.5819
3.5930    9.5994
3.6432    9.5628
3.6935    9.4700
3.7437    9.3231
3.7940    9.1334
3.8442    8.9265
3.8945    8.7430
3.9447    8.6314
3.9950    8.6332
4.0452    8.7670
4.0955    9.0202
4.1457    9.3547
4.1960    9.7220
4.2462    10.0793
4.2965    10.3976
4.3467    10.6632
4.3970    10.8726
4.4472    11.0275
4.4975    11.1305
4.5477    11.1830
4.5980    11.1839
4.6482    11.1305
4.6985    11.0210
4.7487    10.8580
4.7990    10.6541
4.8492    10.4367
4.8995    10.2473
4.9497    10.1347
5.0000    10.1386
